7.5 23.39736
6.5 6.980109E-02
6.5 6.980109E-02
6.5 25.33784
6.5 25.33784
6.5 25.33784
6.5 14.03004
6.5 14.03004
6.5 19.57226
6.5 19.57226
6.5 19.57226
6.5 24.55606
6.5 24.55606
6.5 29.86095
6.5 29.86095
6.5 34.87268
6.5 34.87268
6.5 34.87268
6.5 40.06589
6.5 40.06589
6.5 45.90127
6.5 45.90127
6.5 45.90127
6.5 50.70359
6.5 50.70359
6.5 54.6683
6.5 54.6683
6.5 59.61023
6.5 59.61023
6.5 59.61023
6.5 63.63078
6.5 63.63078
6.5 67.28836
6.5 67.28836
6.5 67.28836
6.5 71.78355
6.5 71.78355
6.5 75.05025
6.5 75.05025
6.5 78.90327
6.5 78.90327
6.5 78.90327
6.5 81.87682
6.5 81.87682
6.5 84.85034
6.5 84.85034
6.5 87.68427
6.5 87.68427
6.5 87.68427
6.5 90.25296
6.5 90.25296
6.5 92.68204
6.5 92.68204
6.5 92.68204
6.5 95.46013
6.5 95.46013
6.5 97.21912
6.5 97.21912
6.5 99.46671
6.5 99.46671
6.5 99.46671
7.5 100.9046
7.5 100.9046
7.5 112.2682
7.5 112.2682
7.5 112.2682
7.5 110.8722
7.5 110.8722
7.5 114.809
7.5 114.809
7.5 118.3549
6.5 118.3549
6.5 118.3549
6.5 113.0779
6.5 113.0779
6.5 115.6187
6.5 115.6187
6.5 115.6187
6.5 116.3028
6.5 116.3028
6.5 117.1264
7.5 117.1264
7.5 119.2903
7.5 119.2903
7.5 119.2903
7.5 121.0911
7.5 121.0911
7.5 124.2741
7.5 124.2741
7.5 124.2741
7.5 126.8707
6.5 126.8707
6.5 129.0205
6.5 129.0205
6.5 126.3541
6.5 126.3541
6.5 126.3541
6.5 123.6458
6.5 123.6458
6.5 122.543
6.5 122.543
7.5 120.7282
7.5 120.7282
7.5 120.7282
7.5 125.7957
7.5 125.7957
7.5 126.759
7.5 126.759
7.5 126.759
7.5 130.8772
7.5 130.8772
6.5 132.5804
6.5 132.5804
6.5 126.4937
6.5 126.4937
6.5 126.4937
6.5 128.8391
6.5 128.8391
6.5 125.6841
6.5 125.6841
6.5 125.6841
6.5 124.6929
6.5 124.6929
6.5 122.1381
6.5 122.1381
6.5 119.3461
6.5 119.3461
6.5 119.3461
6.5 117.629
6.5 117.629
6.5 116.917
7.5 116.917
7.5 116.917
7.5 123.4225
7.5 123.4225
7.5 122.5151
7.5 122.5151
7.5 125.8237
7.5 125.8237
7.5 125.8237
7.5 129.0624
7.5 129.0624
7.5 132.4129
7.5 132.4129
7.5 135.5958
7.5 135.5958
7.5 135.5958
7.5 138.4437
7.5 138.4437
7.5 141.1101
7.5 141.1101
6.5 141.1101
6.5 142.8133
6.5 142.8133
6.5 138.5693
6.5 138.5693
6.5 135.3445
6.5 135.3445
6.5 135.3445
6.5 132.8317
6.5 132.8317
6.5 130.0676
6.5 130.0676
6.5 130.0676
6.5 126.9823
6.5 126.9823
6.5 123.9669
6.5 123.9669
6.5 122.0823
6.5 122.0823
6.5 122.0823
7.5 120.4071
7.5 120.4071
7.5 133.6274
7.5 133.6274
7.5 133.6274
7.5 126.4937
7.5 126.4937
7.5 130.4724
7.5 130.4724
7.5 133.0271
6.5 133.0271
6.5 133.0271
6.5 126.6752
6.5 126.6752
6.5 128.0154
6.5 128.0154
6.5 128.0154
6.5 128.4063
6.5 128.4063
6.5 126.8148
6.5 126.8148
6.5 124.4974
6.5 124.4974
6.5 124.4974
6.5 122.3336
6.5 122.3336
6.5 120.1139
6.5 120.1139
6.5 118.7877
6.5 118.7877
6.5 118.7877
6.5 117.6709
6.5 117.6709
6.5 116.4005
6.5 116.4005
6.5 116.4005
6.5 115.1441
6.5 115.1441
6.5 114.5298
6.5 114.5298
7.5 114.6415
7.5 114.6415
7.5 114.6415
7.5 120.5886
7.5 120.5886
7.5 123.9111
7.5 123.9111
7.5 123.9111
7.5 128.2108
7.5 128.2108
6.5 131.324
6.5 131.324
6.5 124.1903
6.5 124.1903
6.5 124.1903
6.5 128.504
6.5 128.504
6.5 126.6892
6.5 126.6892
6.5 126.6892
6.5 124.7627
6.5 124.7627
6.5 122.9618
6.5 122.9618
6.5 120.6723
6.5 120.6723
6.5 120.6723
6.5 119.1088
6.5 119.1088
6.5 117.8524
7.5 117.8524
7.5 123.2689
7.5 123.2689
7.5 123.2689
7.5 123.9809
7.5 123.9809
7.5 127.6105
7.5 127.6105
7.5 127.6105
7.5 131.2402
6.5 131.2402
6.5 132.1337
6.5 132.1337
6.5 128.6855
6.5 128.6855
6.5 128.6855
6.5 126.9265
6.5 126.9265
6.5 125.712
6.5 125.712
7.5 125.712
7.5 124.5114
7.5 124.5114
7.5 129.565
7.5 129.565
7.5 131.2681
7.5 131.2681
7.5 131.2681
7.5 134.493
7.5 134.493
7.5 136.7406
7.5 136.7406
7.5 136.7406
7.5 140.1469
7.5 140.1469
7.5 142.9529
7.5 142.9529
7.5 146.2614
7.5 146.2614
7.5 146.2614
6.5 147.6295
6.5 147.6295
6.5 133.8229
6.5 133.8229
6.5 140.8728
6.5 140.8728
6.5 140.8728
6.5 137.8295
6.5 137.8295
6.5 135.4004
7.5 135.4004
7.5 135.4004
7.5 140.3283
7.5 140.3283
7.5 140.077
7.5 140.077
7.5 139.8537
7.5 139.8537
7.5 139.8537
7.5 142.1432
7.5 142.1432
7.5 144.5862
7.5 144.5862
7.5 144.5862
7.5 146.6663
7.5 146.6663
7.5 147.9367
7.5 147.9367
7.5 150.1284
7.5 150.1284
6.5 150.1284
6.5 150.4914
6.5 150.4914
6.5 148.0623
6.5 148.0623
6.5 148.0623
6.5 142.7155
6.5 142.7155
6.5 139.2394
6.5 139.2394
6.5 136.0007
6.5 136.0007
6.5 136.0007
6.5 132.5385
6.5 132.5385
6.5 129.202
6.5 129.202
6.5 129.202
6.5 127.3593
6.5 127.3593
6.5 124.8883
6.5 124.8883
6.5 123.1852
6.5 123.1852
6.5 123.1852
6.5 121.2307
6.5 121.2307
6.5 119.5136
6.5 119.5136
6.5 117.5871
7.5 117.5871
7.5 117.5871
7.5 130.2351
7.5 130.2351
7.5 125.7678
7.5 125.7678
7.5 125.7678
7.5 129.2718
7.5 129.2718
7.5 131.9941
7.5 131.9941
7.5 134.9955
7.5 134.9955
7.5 134.9955
7.5 138.5693
7.5 138.5693
7.5 141.1241
7.5 141.1241
7.5 141.1241
7.5 144.293
7.5 144.293
7.5 146.2335
7.5 146.2335
7.5 148.2578
7.5 148.2578
7.5 148.2578
7.5 149.8213
7.5 149.8213
7.5 151.4128
7.5 151.4128
6.5 151.4128
6.5 153.423
6.5 153.423
6.5 148.0065
6.5 148.0065
6.5 144.5862
6.5 144.5862
6.5 144.5862
6.5 140.8309
6.5 140.8309
7.5 137.271
7.5 137.271
7.5 142.0454
7.5 142.0454
7.5 142.0454
7.5 140.2166
7.5 140.2166
7.5 143.4415
7.5 143.4415
7.5 143.4415
6.5 145.1586
6.5 145.1586
6.5 132.4129
6.5 132.4129
6.5 138.7927
6.5 138.7927
6.5 138.7927
6.5 136.6289
6.5 136.6289
6.5 134.1719
6.5 134.1719
6.5 134.1719
6.5 131.0867
6.5 131.0867
6.5 128.8111
6.5 128.8111
6.5 125.8376
6.5 125.8376
6.5 125.8376
6.5 123.8971
6.5 123.8971
6.5 122.0265
6.5 122.0265
6.5 122.0265
6.5 120.5327
6.5 120.5327
6.5 119.1507
6.5 119.1507
6.5 118.2293
6.5 118.2293
6.5 118.2293
6.5 116.6099
6.5 116.6099
6.5 115.856
6.5 115.856
6.5 115.856
6.5 114.8928
6.5 114.8928
6.5 115.0743
6.5 115.0743
7.5 114.7811
7.5 114.7811
7.5 114.7811
7.5 122.4173
7.5 122.4173
7.5 124.0088
7.5 124.0088
7.5 128.4202
7.5 128.4202
7.5 128.4202
7.5 131.4915
7.5 131.4915
7.5 135.0514
7.5 135.0514
7.5 135.0514
7.5 138.4297
7.5 138.4297
7.5 141.138
7.5 141.138
7.5 144.5304
6.5 144.5304
6.5 144.5304
6.5 134.8978
6.5 134.8978
6.5 138.2064
6.5 138.2064
6.5 138.2064
6.5 135.9727
6.5 135.9727
6.5 134.2277
7.5 134.2277
7.5 134.9676
7.5 134.9676
7.5 134.9676
7.5 138.7089
7.5 138.7089
7.5 139.7699
7.5 139.7699
7.5 139.7699
7.5 141.5987
6.5 141.5987
6.5 142.2828
6.5 142.2828
6.5 138.8346
6.5 138.8346
6.5 138.8346
6.5 136.6707
6.5 136.6707
6.5 133.9485
6.5 133.9485
7.5 132.1058
7.5 132.1058
7.5 141.0124
7.5 141.0124
7.5 141.0124
7.5 136.3915
7.5 136.3915
7.5 140.1469
7.5 140.1469
7.5 142.6457
7.5 142.6457
7.5 6.980109E-02
7.5 6.980109E-02
7.5 16.94773
7.5 16.94773
7.5 11.47532
7.5 11.47532
7.5 11.47532
