Ik7.5 23.39736
6.9 6.980109E-02
6.9 6.980109E-02
6.9 6.980109E-02
6.9 26.77574
6.9 26.77574
6.9 16.64061
6.9 16.64061
6.9 21.8757
6.9 21.8757
6.9 21.8757
6.9 28.24157
6.9 28.24157
6.9 33.71398
6.9 33.71398
6.9 33.71398
6.9 38.89323
6.9 38.89323
6.9 44.70069
6.9 44.70069
6.9 49.64262
6.9 49.64262
6.9 49.64262
6.9 55.77116
6.9 55.77116
6.9 60.51764
6.9 60.51764
6.9 60.51764
6.9 65.13849
6.9 65.13849
6.9 70.38753
6.9 70.38753
6.9 74.47789
6.9 74.47789
6.9 74.47789
6.9 78.34486
6.9 78.34486
6.9 83.10532
6.9 83.10532
6.9 83.10532
6.9 86.93042
6.9 86.93042
6.9 89.98772
6.9 89.98772
6.9 93.61737
6.9 93.61737
6.9 93.61737
6.9 97.4006
6.9 97.4006
6.9 100.1089
6.9 100.1089
6.9 103.0964
6.9 103.0964
6.9 103.0964
6.9 105.7488
6.9 105.7488
6.9 108.1919
6.9 108.1919
6.9 108.1919
6.9 110.5651
6.9 110.5651
7.1 113.1896
7.1 113.1896
7.1 115.87
7.1 115.87
7.1 115.87
7.1 117.8105
7.1 117.8105
7.1 120.2675
7.1 120.2675
7.1 120.2675
6.9 122.6128
6.9 122.6128
6.9 122.18
6.9 122.18
6.9 124.2182
6.9 124.2182
6.9 124.2182
6.9 125.6142
6.9 125.6142
6.9 126.6752
7.1 126.6752
7.1 126.6752
7.1 129.4533
7.1 129.4533
7.1 130.2072
7.1 130.2072
7.1 131.6311
7.1 131.6311
7.1 131.6311
7.1 132.5525
6.9 132.5525
6.9 133.5157
6.9 133.5157
6.9 132.3431
6.9 132.3431
6.9 132.3431
6.9 132.734
6.9 132.734
6.9 132.4408
6.9 132.4408
7.1 132.4408
7.1 131.8684
7.1 131.8684
7.1 132.72
7.1 132.72
7.1 134.2696
7.1 134.2696
7.1 134.2696
7.1 135.1212
7.1 135.1212
6.9 135.4143
6.9 135.4143
6.9 135.4143
6.9 134.814
6.9 134.814
6.9 135.9029
6.9 135.9029
6.9 133.1109
6.9 133.1109
6.9 133.1109
6.9 133.0132
6.9 133.0132
6.9 132.3431
6.9 132.3431
6.9 132.3431
6.9 131.3798
6.9 131.3798
6.9 130.2909
6.9 130.2909
6.9 130.8354
7.1 130.8354
7.1 130.8354
7.1 133.5018
7.1 133.5018
7.1 133.0969
7.1 133.0969
7.1 133.0969
7.1 133.4739
7.1 133.4739
7.1 134.4511
7.1 134.4511
7.1 135.5121
7.1 135.5121
7.1 135.5121
7.1 136.5172
7.1 136.5172
7.1 137.299
7.1 137.299
7.1 138.3181
7.1 138.3181
6.9 138.3181
6.9 137.8295
6.9 137.8295
6.9 135.5958
6.9 135.5958
6.9 135.5958
6.9 135.54
6.9 135.54
6.9 135.177
6.9 135.177
6.9 133.4739
6.9 133.4739
6.9 133.4739
6.9 132.8456
6.9 132.8456
6.9 131.8266
6.9 131.8266
6.9 131.8266
6.9 132.5525
6.9 132.5525
7.1 132.357
7.1 132.357
7.1 134.1858
7.1 134.1858
7.1 134.1858
7.1 134.0183
7.1 134.0183
7.1 135.4422
7.1 135.4422
7.1 135.4422
6.9 136.5451
6.9 136.5451
6.9 135.3445
6.9 135.3445
6.9 135.2328
6.9 135.2328
6.9 135.2328
6.9 135.6935
6.9 135.6935
6.9 135.1491
6.9 135.1491
6.9 134.3673
6.9 134.3673
6.9 134.3673
6.9 133.5576
6.9 133.5576
6.9 132.2872
6.9 132.2872
6.9 132.2872
6.9 132.5246
6.9 132.5246
6.9 132.2174
6.9 132.2174
6.9 132.3431
6.9 132.3431
6.9 132.3431
6.9 132.3989
6.9 132.3989
6.9 132.9155
6.9 132.9155
7.1 132.9155
7.1 132.371
7.1 132.371
7.1 134.0602
7.1 134.0602
7.1 135.2328
7.1 135.2328
7.1 135.2328
7.1 136.4334
7.1 136.4334
6.9 137.0337
6.9 137.0337
6.9 137.0337
6.9 136.3078
6.9 136.3078
6.9 136.6428
6.9 136.6428
6.9 135.4004
6.9 135.4004
6.9 135.4004
6.9 135.0234
6.9 135.0234
6.9 133.1947
6.9 133.1947
6.9 133.1947
6.9 132.6502
6.9 132.6502
6.9 132.357
6.9 132.357
6.9 131.6311
7.1 131.6311
7.1 131.6311
7.1 134.4371
7.1 134.4371
7.1 134.4511
7.1 134.4511
7.1 134.5488
7.1 134.5488
7.1 134.5488
7.1 135.9727
6.9 135.9727
6.9 136.8522
6.9 136.8522
6.9 136.8522
6.9 135.4702
6.9 135.4702
6.9 134.9257
6.9 134.9257
6.9 135.4562
6.9 135.4562
7.1 135.4562
7.1 134.5069
7.1 134.5069
7.1 135.3585
7.1 135.3585
7.1 135.3585
7.1 136.4474
7.1 136.4474
7.1 136.573
7.1 136.573
7.1 137.4246
7.1 137.4246
7.1 137.4246
7.1 139.2953
7.1 139.2953
7.1 139.5884
7.1 139.5884
7.1 139.5884
7.1 139.8537
7.1 139.8537
6.9 140.454
6.9 140.454
6.9 137.9411
6.9 137.9411
6.9 137.9411
6.9 138.2203
6.9 138.2203
6.9 137.5502
6.9 137.5502
6.9 135.4422
7.1 135.4422
7.1 135.4422
7.1 137.5782
7.1 137.5782
7.1 136.2101
7.1 136.2101
7.1 136.2101
7.1 136.1821
7.1 136.1821
7.1 137.6619
7.1 137.6619
7.1 137.5782
7.1 137.5782
7.1 137.5782
7.1 138.8067
7.1 138.8067
7.1 141.166
7.1 141.166
7.1 141.166
7.1 141.0543
6.9 141.0543
6.9 140.803
6.9 140.803
6.9 139.1976
6.9 139.1976
6.9 139.1976
6.9 137.9551
6.9 137.9551
6.9 136.9081
6.9 136.9081
6.9 136.9081
6.9 136.6428
6.9 136.6428
6.9 135.2747
6.9 135.2747
6.9 134.3673
6.9 134.3673
6.9 134.3673
6.9 133.1667
6.9 133.1667
6.9 132.8456
6.9 132.8456
6.9 132.2872
6.9 132.2872
6.9 132.2872
6.9 132.6223
6.9 132.6223
6.9 133.5855
6.9 133.5855
6.9 133.5855
7.1 132.8875
7.1 132.8875
7.1 135.7913
7.1 135.7913
7.1 135.8471
7.1 135.8471
7.1 135.8471
7.1 136.1821
7.1 136.1821
7.1 137.1594
7.1 137.1594
7.1 137.1594
7.1 139.4628
7.1 139.4628
7.1 139.6722
7.1 139.6722
7.1 140.105
7.1 140.105
7.1 140.105
7.1 141.5708
7.1 141.5708
7.1 141.3614
7.1 141.3614
7.1 141.3614
7.1 141.7243
7.1 141.7243
7.1 141.6964
7.1 141.6964
7.1 141.3055
7.1 141.3055
6.9 141.3055
6.9 141.2637
6.9 141.2637
6.9 140.2027
6.9 140.2027
6.9 140.2027
6.9 138.4577
6.9 138.4577
6.9 136.9081
6.9 136.9081
7.1 136.3776
7.1 136.3776
7.1 136.3776
7.1 137.0477
7.1 137.0477
7.1 136.4893
7.1 136.4893
7.1 137.5223
7.1 137.5223
7.1 137.5223
6.9 137.9411
6.9 137.9411
6.9 137.1594
6.9 137.1594
6.9 137.1594
6.9 136.7545
6.9 136.7545
6.9 136.5172
6.9 136.5172
6.9 135.8471
6.9 135.8471
6.9 135.8471
6.9 134.8978
6.9 134.8978
6.9 133.5157
6.9 133.5157
6.9 133.5157
6.9 132.8456
6.9 132.8456
6.9 132.4966
6.9 132.4966
6.9 132.4687
6.9 132.4687
6.9 132.4687
6.9 132.1895
6.9 132.1895
6.9 133.1109
6.9 133.1109
6.9 133.1109
6.9 132.1756
6.9 132.1756
6.9 132.3012
6.9 132.3012
6.9 132.6083
6.9 132.6083
6.9 132.6083
6.9 132.8456
6.9 132.8456
6.9 133.2924
6.9 133.2924
7.1 132.8456
7.1 132.8456
7.1 132.8456
7.1 135.2189
7.1 135.2189
7.1 136.3357
7.1 136.3357
7.1 136.3357
7.1 137.8295
7.1 137.8295
7.1 138.0807
7.1 138.0807
7.1 139.1696
7.1 139.1696
7.1 139.1696
7.1 140.2725
7.1 140.2725
7.1 140.2865
7.1 140.2865
7.1 140.2865
6.9 140.2725
6.9 140.2725
6.9 137.0477
6.9 137.0477
6.9 137.9411
6.9 137.9411
6.9 137.9411
6.9 136.9639
6.9 136.9639
6.9 136.0844
7.1 136.0844
7.1 136.0844
7.1 136.3217
7.1 136.3217
7.1 136.6289
7.1 136.6289
7.1 136.922
7.1 136.922
7.1 136.922
7.1 137.5223
6.9 137.5223
6.9 137.1873
6.9 137.1873
6.9 137.1873
6.9 136.6987
6.9 136.6987
6.9 136.3357
6.9 136.3357
6.9 136.3217
6.9 136.3217
7.5 132.1058
7.5 132.1058
7.5 141.0124
7.5 141.0124
7.5 141.0124
7.5 136.3915
7.5 136.3915
7.5 140.1469
7.5 140.1469
7.5 142.6457
7.5 142.6457
7.5 6.980109E-02
7.5 6.980109E-02
7.5 16.94773
7.5 16.94773
7.5 11.47532
7.5 11.47532
7.5 11.47532
